observed monthly RevPAN: {1: 668.0, 2: 513.0, 3: 409.0, 4: 361.0}
annualisation factor (annual / observed 105-night window) = 2.47
investable Airbnb listings with demand data: 911

===== segment economics by suburb (median listing) =====
                   zone  bed_bucket  n_ab  n_sale  occ    adr  rev_med  area     price  condo     capex     noi  gross_yield  net_yield  payback_yrs  rev_per_m2
               Morretes           3    10     151 0.76  724.0 123066.0  70.0  845000.0  400.0  909142.0 73426.0       0.1354     0.0808         12.4      1758.0
Tabuleiro dos Oliveiras           2    12     101 0.74  462.0  76956.0  69.0  780939.0  350.0  845387.0 37717.0       0.0910     0.0446         22.4      1115.0
               Morretes           2    51     871 0.70  491.0  71118.0  69.0  790000.0  350.0  854235.0 33890.0       0.0833     0.0397         25.2      1031.0
             Meia Praia           1    20      45 0.71  515.0  77337.0  40.0  875000.0  715.0  902438.0 33613.0       0.0857     0.0372         26.8      1933.0
                 Centro           1    78      18 0.59  489.0  70345.0  42.0  890000.0  500.0  919485.0 32387.0       0.0765     0.0352         28.4      1675.0
                 Centro           2    65      78 0.66  621.0  84059.0  86.0 1145000.0  500.0 1221292.0 41022.0       0.0688     0.0336         29.8       977.0
             Meia Praia           2   187     231 0.78  515.0  81268.0  85.0 1099000.0  499.0 1175174.0 37163.0       0.0692     0.0316         31.6       956.0
            Casa Branca           2    11      20 0.65  386.0  53030.0  70.0  655000.0  350.0  723008.0 21241.0       0.0733     0.0294         34.0       763.0
                 Centro           3    45     423 0.74  765.0 121187.0 131.0 2100000.0  600.0 2207850.0 63530.0       0.0549     0.0288         34.8       925.0
             Meia Praia           3   327    1591 0.74  715.0 108070.0 129.0 1879950.0  600.0 1990571.0 53882.0       0.0543     0.0271         36.9       838.0
             Meia Praia           4    65    1197 0.73 1157.0 171293.0 190.0 3500000.0  900.0 3645750.0 92224.0       0.0470     0.0253         39.5       902.0

===== segment economics by micro_zone (median listing) =====
                   zone  bed_bucket  n_ab  n_sale  occ    adr  rev_med  area     price  condo     capex     noi  gross_yield  net_yield  payback_yrs  rev_per_m2
               Morretes           3    10     151 0.76  724.0 123066.0  70.0  845000.0  400.0  909142.0 73426.0       0.1354     0.0808         12.4      1758.0
Tabuleiro dos Oliveiras           2    12     105 0.74  462.0  76956.0  69.0  780000.0  350.0  844470.0 37721.0       0.0911     0.0447         22.4      1115.0
               Morretes           2    51     871 0.70  491.0  71118.0  69.0  790000.0  350.0  854235.0 33890.0       0.0833     0.0397         25.2      1031.0
                 Centro           1    78      18 0.59  489.0  70345.0  42.0  890000.0  500.0  919485.0 32387.0       0.0765     0.0352         28.4      1675.0
Meia Praia (beach band)           2   132     231 0.78  515.0  84415.0  85.0 1099000.0  499.0 1175174.0 39611.0       0.0718     0.0337         29.7       993.0
                 Centro           2    65      79 0.66  621.0  84059.0  86.0 1150000.0  500.0 1226175.0 40998.0       0.0686     0.0334         29.9       977.0
    Meia Praia (inland)           4     8     332 0.51 1158.0 150533.0 183.0 2695500.0  800.0 2851756.0 84697.0       0.0528     0.0297         33.7       823.0
            Casa Branca           2    11      20 0.65  386.0  53030.0  70.0  655000.0  350.0  723008.0 21241.0       0.0733     0.0294         34.0       763.0
                 Centro           3    45     424 0.74  765.0 121187.0 131.0 2100000.0  600.0 2207850.0 63530.0       0.0549     0.0288         34.8       925.0
    Meia Praia (inland)           2    55     123 0.70  507.0  70061.0  84.0  999000.0  466.0 1076324.0 30576.0       0.0651     0.0284         35.2       834.0
Meia Praia (beach band)           3   269    1600 0.75  716.0 110013.0 129.0 1880000.0  600.0 1990620.0 55251.0       0.0553     0.0278         36.0       853.0
    Meia Praia (inland)           3    58     754 0.70  702.0  99679.0 124.0 1692415.0  550.0 1801443.0 49382.0       0.0553     0.0274         36.5       804.0
Meia Praia (beach band)           4    57    1202 0.76 1157.0 178559.0 190.0 3500000.0  900.0 3645750.0 97529.0       0.0490     0.0268         37.4       940.0
